Region,0-14 años (%),15-59 años (%),60 y más (%)
Total País,12.3,63.7,24.0
Arica y Parinacota,11.9,62.1,26.0
Tarapacá,8.3,67.4,24.3
Antofagasta,9.8,65.2,25.0
Atacama,11.2,63.4,25.4
Coquimbo,13.2,61.7,25.1
Valparaíso,12.8,60.2,27.0
Metropolitana,12.2,63.4,24.4
O'Higgins,12.1,60.7,27.2
Maule,13.1,60.2,26.7
Ñuble,12.0,59.8,28.2
Biobío,11.7,58.4,29.9
La Araucanía,12.5,57.3,30.2
Los Ríos,12.4,57.4,30.2
Los Lagos,11.6,60.1,28.3
Aysén,12.3,57.5,30.2
Magallanes,11.5,57.8,30.7
