Región,0-14 años (%),15-59 años (%),60 y más años (%)
Total País,25.8,62.9,11.3
Arica y Parinacota,26.6,61.2,12.2
Tarapacá,25.6,62.7,11.7
Antofagasta,24.3,64.6,11.1
Atacama,25.7,63.6,10.7
Coquimbo,25.4,63.2,11.4
Valparaíso,23.2,64.8,12.0
Metropolitana,23.4,64.8,11.8
O'Higgins,26.3,61.7,12.0
Maule,26.1,61.9,12.0
Ñuble,25.9,61.8,12.3
Biobío,25.6,62.1,12.2
La Araucanía,26.4,61.1,12.5
Los Ríos,27.0,60.4,12.6
Los Lagos,27.5,60.1,12.4
Aysén,28.2,59.6,12.2
Magallanes,28.1,59.5,12.4
