Región,0-14 años (%),15-59 años (%),60 y más años (%)
Total País,17.6,66.0,16.3
Arica y Parinacota,16.5,64.6,18.9
Tarapacá,16.2,65.4,18.4
Antofagasta,15.2,67.6,17.1
Atacama,16.3,66.6,17.1
Coquimbo,16.3,65.7,18.0
Valparaíso,15.5,66.1,18.4
Metropolitana,15.8,66.3,17.9
O'Higgins,16.3,64.4,19.4
Maule,16.4,64.1,19.5
Ñuble,16.6,64.0,19.4
Biobío,16.4,63.6,20.0
La Araucanía,16.8,63.3,20.0
Los Ríos,17.0,62.9,20.1
Los Lagos,17.4,62.3,20.3
Aysén,17.7,62.1,20.2
Magallanes,17.6,62.6,19.8
